 0.0000  0.0000  0.1376  0.0000  1.2479  0.0000  0.0000  0.0000  0.0000  0.0000
 0.4697  0.0000  0.0000  0.0000  0.0000  0.1334  0.0000  0.2135  0.0000  0.0000
 0.0000  0.0000  0.0000  0.0000  0.4386  0.8107  0.0000  0.0000  0.0000  0.0000
 0.0000  0.0000  0.0000  0.0000  0.0000  0.0000  0.0000  0.0181  0.0000  0.0000
 0.0000  0.0000  0.0731  0.0000  0.0000  0.0000  0.0000  0.5196  0.0000  0.0000
 0.0000  0.0000  0.0000  0.0000  0.3102  0.0000  0.0000  0.0000  0.0000  0.0000
 0.0000  0.0000  0.0000  0.0000  0.0000  0.3223  0.0000  0.0000  0.0000  0.0000
 0.6914  0.4412  0.0000  0.0000  0.0000  0.0000  0.0000  0.0000  0.0000  0.0000
 0.0000  0.0000  0.0000  0.0000  0.0000  0.0000  0.0000  0.0000  0.0000  0.0000
 0.0000  0.0000  0.0000  0.0000  1.8095  0.0000  0.0000  0.0000  0.1737  0.0000
